0,501
0,500
0,499
0,498
0,497
0,496
0,495
0,494
0,493
0,492
0,491
0,490
0,489
0,488
0,487
0,486
0,485
0,484
76,3
76,2
76,1
76,0
75,4
75,3
75,2
75,1
75,0
74,3
74,2
74,1
74,0
73,3
73,2
73,1
73,0
72,3
72,2
72,1
72,0
71,3
71,2
71,1
71,0
70,3
70,2
70,1
70,0
0,483
0,482
0,481
0,480
0,479
0,478
0,477
0,476
0,475
0,474
0,473
0,472
0,471
0,243
0,470
0,469
0,468
0,467
69,3
69,2
0,466
69,1
69,0
0,465
0,464
0,463
0,462
0,461
0,460
0,459
68,3
68,2
0,458
68,1
68,0
0,457
0,456
0,455
67,3
67,2
0,454
67,1
67,0
66,3
66,2
0,453
66,1
66,0
0,452
65,3
65,2
0,451
65,1
65,0
0,450
0,449
0,448
0,447
0,446
0,445
0,444
0,443
0,442
0,441
0,440
0,386
0,278
64,49
64,48
64,47
64,46
64,45
64,44
